image: 47.pgm
resolution: 0.050000
origin: [-28.650000, -38.749998, 0]
negate: 0
occupied_thresh: 0.65
free_thresh: 0.196

