image: 505_new.pgm
resolution: 0.030000
origin: [-7.020000, -6.600000, 0]
negate: 0
occupied_thresh: 0.65
free_thresh: 0.196

