image: 505array.pgm
resolution: 0.050000
origin: [-24.150000, -8.900000, 0]
negate: 0
occupied_thresh: 0.65
free_thresh: 0.196

