image: map711.pgm
resolution: 0.030000
origin: [-4.410000, -7.140000, 0]
negate: 0
occupied_thresh: 0.65
free_thresh: 0.196

