image: RMUC_R.pgm
resolution: 0.030000
origin: [-11.280000, -15.660000, 0]
negate: 0
occupied_thresh: 0.65
free_thresh: 0.196

