image: RMUC_B.pgm
resolution: 0.030000
origin: [-10.050000, -9.990000, 0]
negate: 0
occupied_thresh: 0.65
free_thresh: 0.196

