image: rmul_2025.pgm
resolution: 0.050000
origin: [-1.150000, -0.900000, 0]
negate: 0
occupied_thresh: 0.65
free_thresh: 0.196

