image: simu1.pgm
resolution: 0.050000
origin: [-2.300000, -2.450000, 0]
negate: 0
occupied_thresh: 0.65
free_thresh: 0.196

