image: wandou.pgm
resolution: 0.030000
origin: [-5.430000, -1.500000, 0]
negate: 0
occupied_thresh: 0.65
free_thresh: 0.196

