image: wandou2.pgm
resolution: 0.030000
origin: [-5.640000, -8.730000, 0]
negate: 0
occupied_thresh: 0.65
free_thresh: 0.196

